<svg xmlns="http://www.w3.org/2000/svg" width="655.874" height="816.815" viewBox="0 0 655.874 816.815">
  <defs>
    <style>
      .cls-1 {
        fill-rule: evenodd;
      }
    </style>
  </defs>
  <path id="Main_1" data-name="Main 1" class="cls-1" d="M901.9,463.08a1.581,1.581,0,0,1-2.433-1.416l0.227-4.658a7.973,7.973,0,0,0-11.617-7.475L867.5,458.414s57.427-88.84,93-37.14c0,0-27.188-110.742-96.535,32.2-0.679-2.951-1.366-5.86-2.011-8.757a135.411,135.411,0,0,1-2.968-17.135c-0.421-5.553-.238-11.029,2.2-15.214a14.912,14.912,0,0,1,5.472-5.309,41.756,41.756,0,0,1,8.3-3.328,23.378,23.378,0,0,0-4.714-.7c-0.807-.027-1.626-0.061-2.447-0.009l-2.48.34a16.8,16.8,0,0,0-9.129,5.193,20.661,20.661,0,0,0-4.645,9.626,35.538,35.538,0,0,0-.517,10.082,59.742,59.742,0,0,0,4.986,18.424q1.1,2.445,2.356,4.807a91.593,91.593,0,0,0-128.014,3.768l-84.9,88.07c0.236-.418.484-0.83,0.717-1.251-7.733,8.518-15.489,16.828-23.855,24.393-2.135,1.842-4.185,3.768-6.366,5.536l-3.235,2.689-3.346,2.54c-2.187,1.746-4.515,3.29-6.774,4.929-2.349,1.5-4.65,3.079-7.081,4.431a107.29,107.29,0,0,1-14.828,7.573,108.764,108.764,0,0,1-15.762,5.352,95.339,95.339,0,0,1-16.518,2.72,77.256,77.256,0,0,1-8.452.257,61.812,61.812,0,0,1-8.514-.7,42.39,42.39,0,0,0,8.319,2.453,65.3,65.3,0,0,0,8.663,1.114,76.564,76.564,0,0,0,17.515-.975,94.727,94.727,0,0,0,32.1-11.876l-46.394,48.126a169.407,169.407,0,0,0,5.067,240.186h0s-12.116-20.193,6.731-37.694c0,0-2.693,80.1,98.948,87.505l27.435-63.578L658.2,917.776l8.32-185.937a53.5,53.5,0,0,1,72.812-47.486l18.92,7.344,6.092,2.654C779.454,656.4,728.734,630.888,717.2,623.6c-3.4,2.193-7.153,4.8-11.2,4.8-14.18,0-25.882-14.231-25.882-32.864s11.5-33.738,25.675-33.738a21.4,21.4,0,0,1,13.921,5.416c22.755-1.085,75.279-7.557,99.886-65.614,0,0-9.323,39.965,27.2,50.4,0,0-15.474-24.31,6.4-42.8,0,0-12.14,42.365,29.6,52.8l2.4-20.4s59.563,28.148,33.084,102.129c0,0,80.159-25.613,55.021-122.374C951.628,437.922,912.319,456.406,901.9,463.08Zm118.368,699.79a33.546,33.546,0,0,0-2.5,8.58,52.8,52.8,0,0,0-.69,8.58,51.694,51.694,0,0,0,.68,8.58,33.18,33.18,0,0,0,2.51,8.58,32.824,32.824,0,0,0,2.52-8.58,51.694,51.694,0,0,0,.68-8.58,52.8,52.8,0,0,0-.69-8.58A33.18,33.18,0,0,0,1020.27,1162.87ZM923.282,701.058a90.834,90.834,0,0,1-19.311-62.707l-93.724-6.5L760.406,832.84l186.8,61.859,8.261-28.336a183.771,183.771,0,0,0-32.187-165.305h0ZM1091.84,396.224a55.2,55.2,0,0,0-2.51-11.219,55.2,55.2,0,0,0-2.51,11.219,91.811,91.811,0,0,0-.69,11.219,89.85,89.85,0,0,0,.69,11.219,53.875,53.875,0,0,0,2.51,11.219,54.552,54.552,0,0,0,2.52-11.219,91.784,91.784,0,0,0,.68-11.219A89.861,89.861,0,0,0,1091.84,396.224Zm-639.3,691.3a8.09,8.09,0,0,0-9.8-5.83h0a8.086,8.086,0,0,0-5.833,9.8l7.149,28.15a8.067,8.067,0,0,0,15.637-3.97ZM588.273,532.16a53.894,53.894,0,0,0,2.516-11.219,89.083,89.083,0,0,0,.683-11.219,90.841,90.841,0,0,0-.692-11.219,54.606,54.606,0,0,0-2.507-11.219,54.734,54.734,0,0,0-2.506,11.219,90.644,90.644,0,0,0-.691,11.219,88.894,88.894,0,0,0,.682,11.219A54.018,54.018,0,0,0,588.273,532.16Zm12.461,582.06a33.567,33.567,0,0,0-2.507,8.58,53.372,53.372,0,0,0-.691,8.58,52.351,52.351,0,0,0,.683,8.58,33.157,33.157,0,0,0,2.515,8.58,33.157,33.157,0,0,0,2.515-8.58,52.351,52.351,0,0,0,.683-8.58,53.372,53.372,0,0,0-.691-8.58A33.567,33.567,0,0,0,600.734,1114.22Zm-129.247-31.51a8.066,8.066,0,1,0-15.636,3.97L463,1114.82a8.066,8.066,0,1,0,15.636-3.97Zm18.95-4.82a8.067,8.067,0,1,0-15.636,3.98l7.149,28.14a8.066,8.066,0,0,0,15.636-3.97Z" transform="translate(-436.656 -380.375)"/>
</svg>
