<svg xmlns="http://www.w3.org/2000/svg" width="473.469" height="767.187" viewBox="0 0 473.469 767.187">
  <defs>
    <style>
      .cls-1 {
        fill: #fff;
        fill-rule: evenodd;
      }
    </style>
  </defs>
  <path id="White_1" data-name="White 1" class="cls-1" d="M348.624,389.029c23.076,11.888,50.965,36.036,56.313,35.9s-26.666-51.568-38.841-65.7-35.051-30.122-50.423-29.031c-19.1,1.356-30.177,24.829-18.717,39.345S327.831,378.315,348.624,389.029ZM380.235,690.36c-1.911-.2-3.824-0.311-5.664-0.469l-5.612-.521a64.607,64.607,0,0,1-10.551-1.486,82.344,82.344,0,0,1-10.319-3.09,177.3,177.3,0,0,1-20.355-8.916c-3.343-1.668-6.635-3.46-9.942-5.225l-4.633-2.865c-0.757-.5-1.573-0.92-2.287-1.479l-2.126-1.7a66.568,66.568,0,0,1-8.013-7.411l-3.459-4.261c-1.142-1.433-2.061-3.031-3.108-4.542a87.027,87.027,0,0,1-12.925-42.22l-0.12,0-0.6-.019a79.692,79.692,0,0,0,.37,10.716,91.16,91.16,0,0,0,1.987,11.93,83.929,83.929,0,0,0,7.048,19.2c0.385,0.749.734,1.515,1.145,2.252,1.019,1.641,1.915,3.369,3.047,4.942l3.453,4.694a70.947,70.947,0,0,0,8.183,8.336l2.206,1.936c0.743,0.637,1.588,1.136,2.378,1.711,1.609,1.1,3.219,2.253,4.84,3.317,3.259,1.946,6.5,3.917,9.825,5.779A214.19,214.19,0,0,0,345.5,691.453a80.459,80.459,0,0,0,11.224,3.753,56.17,56.17,0,0,0,11.857,1.373l5.682,0.115,5.638,0.028a93.557,93.557,0,0,1,10.916.6,66.616,66.616,0,0,1,21.071,6.339l0.193-.289,0.208-.312a49.681,49.681,0,0,0-20.507-10.723A74.923,74.923,0,0,0,380.235,690.36ZM456.2,564.919c-3.7-10.069-8-19.906-12.674-29.572a268.461,268.461,0,0,0-35.01-54.077,224.858,224.858,0,0,0-22.426-23.21C378.185,450.8,369.9,444,361.4,437.519a511.725,511.725,0,0,0-53.354-35.33l-0.366.622a515.768,515.768,0,0,1,51.437,37.583c8.2,6.722,16.158,13.727,23.681,21.143a218.63,218.63,0,0,1,21.117,23.439,252.992,252.992,0,0,1,17.637,26.138q8.093,13.565,15.623,27.5c5.029,9.284,9.81,18.719,14.416,28.254,2.27,4.781,4.549,9.569,6.666,14.424a131.247,131.247,0,0,1,5.851,14.754l0.712-.121c-0.574-5.4-2.092-10.574-3.527-15.742C459.782,575.028,458.062,569.946,456.2,564.919ZM587.008,134.045c-5.077-.662-10.169-1.163-15.259-1.641q-15.279-1.335-30.584-2.053c-10.2-.555-20.407-0.789-30.613-1.078-10.209-.2-20.417-0.268-30.632-0.274-10.218.117-20.421,0.215-30.689,0.689-2.55.1-5.164,0.316-7.758,0.505-1.106.064-2.465,0.289-3.734,0.479l-0.555.083a14.665,14.665,0,0,0-4.389,2.18c-1.675,1.161-3.208,2.383-4.695,3.626-2.552,2.135-4.922,4.355-7.3,6.6a519.831,519.831,0,0,0-41.3,45.38c15.083-13.775,29.809-27.936,45.07-41.22a126.156,126.156,0,0,1,11.673-9.1,9.483,9.483,0,0,1,2.423-1.2c1.122-.071,2.025-0.243,3.307-0.283l0.5-.02c2.324-.092,4.636-0.2,7.011-0.217,10.111-.233,20.3-0.309,30.471-0.286l61.084-.23,30.55-.038,7.641,0,7.635,0.1c5.093,0.093,10.168.2,15.264,0.675h0A135.035,135.035,0,0,0,587.008,134.045Zm-69.015,263.63c-13.078-.39-26.157-0.762-39.235-1-4.6-9.428-9.721-18.387-15.119-27.261q-8.48-14.017-17.97-27.379c-6.315-8.9-12.755-17.728-19.655-26.189l-2.557-3.2-2.825-3.108c-1.9-2.054-3.736-4.18-5.691-6.166l-6.167-5.608c-1.04-.919-2.032-1.9-3.11-2.766l-3.28-2.536-6.582-5.033-6.848-4.609c-4.5-3.182-9.317-5.812-13.986-8.69q-7.171-4.011-14.474-7.748c-4.923-2.373-9.766-4.9-14.79-7.044-9.938-4.511-20.077-8.527-30.314-12.229-10.228-3.721-20.614-7.007-31.12-9.783,0.7,0.267,1.383.556,2.079,0.826a616.057,616.057,0,0,1,57.3,25.477c4.839,2.395,9.549,5.02,14.3,7.565q7.035,3.967,13.917,8.168c4.5,2.929,9.163,5.614,13.453,8.811l6.549,4.633,6.229,5.007,3.122,2.489c1.03,0.84,1.96,1.782,2.945,2.667L410,308.359c1.83,1.892,3.524,3.9,5.3,5.837l2.633,2.93,2.5,3.178c6.687,8.462,13.24,17.032,19.513,25.805,12.477,17.544,24.463,35.66,34.64,54.475l0.849,1.57,1.618-.027c13.65-.233,27.3-0.63,40.949-1.036,13.65-.47,27.3-0.949,40.949-1.708-1.717-.1-3.434-0.155-5.15-0.243C541.859,398.535,529.926,398.085,517.993,397.675Zm-311.58,334.1c-7.106-13.1-14.068-26.256-20.254-39.777-2.007-4.213-3.9-8.474-5.75-12.756-4.41-10.224-8.438-20.607-12.311-31.023l-0.371-1.074-3.5-10.1-1.3-3.773-0.278-.809-0.347-1.007-1.737-5.65-3.456-11.3L154.042,603.1c-0.342-1.211-.644-2.432-0.957-3.65q-0.919-3.59-1.759-7.2c-0.047-.2-0.1-0.4-0.144-0.605-0.094-.409-0.195-0.816-0.291-1.224-0.8-3.421-1.656-6.831-2.377-10.269-1.516-7.719-3.19-15.4-4.338-23.184a481.816,481.816,0,0,1-6.3-93.86,477.984,477.984,0,0,1,11.834-93.223c13.758-61.2,39.445-119.814,76.035-170.914,1.936-2.688,3.92-5.342,5.918-7.985q6.088-8.056,12.57-15.809c-4.431,9.7-3.685,17.05,8.559,18.625,21.708,2.793,82.545-44.214,114.766-75.862,26.872-26.4,31.225-45.819,22.728-48.615a10.71,10.71,0,0,0-6.513.369l-0.047.016a174.544,174.544,0,0,0-24.8,10.635A264.858,264.858,0,0,0,324.964,98.11a375.471,375.471,0,0,0-39,27.541,397.75,397.75,0,0,0-66.16,68.946,446.806,446.806,0,0,0-48.872,82.347,467.027,467.027,0,0,0-17.569,44.639,459.082,459.082,0,0,0-13.018,46.18,450.713,450.713,0,0,0-8.2,47.273,458.293,458.293,0,0,0-3.427,47.849,464.712,464.712,0,0,0,1.572,47.924l0.471,5.975,0.668,5.957c0.469,3.967.839,7.947,1.391,11.9,1.206,7.9,2.315,15.809,3.906,23.638,2.088,11.464,4.678,22.82,7.683,34.06,0.643,2.406,1.331,4.8,2.013,7.194q3.807,13.377,8.348,26.521,2.466,7.12,5.126,14.167c1.225,3.245,2.467,6.483,3.75,9.7,6.228,14.652,12.709,29.188,20.2,43.206,2.7,5.383,5.646,10.636,8.615,15.871q1,1.77,2.008,3.537,0.417,0.733.833,1.468c0.569,0.992,1.163,1.971,1.748,2.954,3.318,5.577,6.842,11.033,10.237,16.552,0.157,0.253.317,0.5,0.473,0.76l-0.126-.234C207.227,733.286,206.823,732.528,206.413,731.772ZM306.5,824.344l-10.046-63.41-122.3-108.113c-1.786-1.423-3.543-2.878-5.341-4.288,9.789,10.33,19.815,20.4,29.973,30.327s20.4,19.756,30.761,29.461c2.2,2.091,4.445,4.132,6.667,6.2,2.976,2.765,5.937,5.548,8.928,8.3,5.235,4.792,10.405,9.654,15.7,14.375l15.82,14.248L291.9,764.86c1.124,5.7,2.351,11.375,3.519,17.064,0.9,4.423,1.866,8.835,2.836,13.247q0.537,2.439,1.07,4.878c1.295,6.042,2.734,12.06,4.107,18.088,1.424,6.013,2.886,12.018,4.432,18.009a0.16,0.16,0,0,0,0,.021,0.137,0.137,0,0,1,0-.019C307.452,832.206,306.967,828.277,306.5,824.344Z" transform="translate(-128.656 -68.969)"/>
</svg>
