<svg xmlns="http://www.w3.org/2000/svg" width="227.437" height="455.938" viewBox="0 0 227.437 455.938">
  <defs>
    <style>
      .cls-1 {
        fill: #fff;
        fill-rule: evenodd;
      }
    </style>
  </defs>
  <path id="Compound_Shape" data-name="Compound Shape" class="cls-1" d="M622.453,580.72c-4.158-13.848-4.675-31.247-5.105-46.441,2.248,14.079,8.644,29.406,17.888,42.162,8.76,12.088,12.985,20.486,16.009,40.771C641.322,609.4,627.915,598.912,622.453,580.72ZM756.859,717.237c-2.94-7.581-11.882-11.38-18.628-14.657-7.941-3.858-8.937-6.749-17.764-14.218s-42.141-25.836-47.33-32.08c-1.654-1.99-2.771-5.065-3.8-8.608,0.021-8.042-1.144-28.323-6.637-43.1-7.247-19.488-26.823-39.277-32.433-65.36s-2.745-34-17.721-51.251a78.7,78.7,0,0,0-12.156-11.408c-3.917-5.313-11.838-12.7-15.29-16.149a83.746,83.746,0,0,1-4.555-9.578c-9.984-24.5-14.057-35.237-24.193-41.326s-22.721-19.524-24.877-29.209c0,0,1.841,17.508,13.01,27.164,9.171,7.929,18.134,16.152,23.26,26.4,2.576,15.417,7.721,30.822,14.9,38,6.732,7.1,15.008,14,16.122,25.022s-1.633,18.615,1.47,32.3,8.073,23.446,7.422,32.975-9.245,13.117-4.711,25.764c6.764,22.179,40.841,41.658,41.854,64.448,0.12,9.695,13.378,35.739,21.99,47.252s6.513,8.535,16.667,18.3,9.489,7.834,10.714,19.178,8.725,13.917,20.3,17.439C742.173,764.242,766.162,747.232,756.859,717.237ZM599,706.045c-7.651-9.418-2.665-14.793-3.26-23.393-0.024-.354-0.079-0.688-0.112-1.037,2.752,5.5,5.134,10.179,5.546,14.9C601.51,700.313,599.861,702.993,599,706.045ZM575.89,634.769c5.166,4,9.835,8.97,10.86,15.7C584.436,647.443,578.129,636.531,575.89,634.769ZM722.251,794.005c-6.8-2.431-7.943-4.534-15.885-9.613s-36.734-16.907-41.625-21.277-6.844-16.973-14.593-23.062-26.184-12.755-34.934-30.511-9.857-44.357-14.929-55.337a67.189,67.189,0,0,0-20.567-25.88c-9.084-7.182-11.374-7.033-16.067-15.679s-13.067-23.525-22.416-23.553a27.9,27.9,0,0,1,13.4,15.671c2.93,8.4,6.69,15.661,10.945,20.88,2.2,4.165,5.295,9.33,8.512,12.477,6.063,5.932,12.165,17.286,14.441,28.3,3.855,20.793-3.292,40.437,15.54,54.824,9.411,13.031,34.643,25.407,37.588,40.56,1.261,7.236,14.971,25.941,23.226,34.053s6.224,6.007,15.5,12.723S702.355,815.7,704.7,824.1s7.29,10.688,10.9,11.223c9.476,1.406,7.546.79,7.43,0.755,7.941-1.629,17.871-6.158,19.167-15.213C743.265,805.32,737.567,798.775,722.251,794.005Z" transform="translate(-531.469 -380.312)"/>
</svg>
