<svg xmlns="http://www.w3.org/2000/svg" width="341.906" height="450.938" viewBox="0 0 341.906 450.938">
  <defs>
    <style>
      .cls-1 {
        fill-rule: evenodd;
      }
    </style>
  </defs>
  <path id="Main_1" data-name="Main 1" class="cls-1" d="M419.9,289.733c-0.086-.5-0.157-1-0.261-1.5a31.535,31.535,0,0,0-1.832-5.786,42.208,42.208,0,0,0-2.848-5.318,47.214,47.214,0,0,0-7.624-9.321,51.908,51.908,0,0,0-9.691-7.215,52.561,52.561,0,0,0-5.417-2.741c-1.2-.516-2.376-0.981-3.621-1.4-0.871-.364-1.637-0.662-2.3-0.906-6.009,22.65-12.73,41.824-17.189,53.629-1.625,4.3-3.187,8.881-4.7,13.311-3.023,8.862-5.963,17.451-9.475,24.309-13.04,33.955-7.465,94.415-5.9,108.735,20.51-7.681,38.368-20.715,42.421-23.788-0.114-.786-0.328-1.964-0.536-3.115-1.526-8.448-4.7-26.028-1.679-47.54,1.914-13.614,8.08-23.251,14.609-33.454,7.763-12.131,15.789-24.674,17.034-45.351A43.768,43.768,0,0,0,419.9,289.733ZM303.164,393.409c-0.671.3-14.715,6.335-33.859,2.5-20.274-4.062-35.871-17.145-47.478-31.99q1.593,3.267,3.265,6.485A146.869,146.869,0,0,0,245.836,400.9a72.552,72.552,0,0,0,14.032,11.846,76.505,76.505,0,0,0,16.517,8.249,75.215,75.215,0,0,0,18.074,4.048,67.144,67.144,0,0,0,9.3.266,50.379,50.379,0,0,0,9.25-1.128,50.515,50.515,0,0,1-9.232,1.439,67.622,67.622,0,0,1-9.367.045,76.141,76.141,0,0,1-18.426-3.489,78.025,78.025,0,0,1-17.108-7.844,74.717,74.717,0,0,1-14.842-11.706A149.888,149.888,0,0,1,221.813,372.2a244.776,244.776,0,0,1-16.083-34.125l0.017-.006-0.086-.239c-0.121-.519-12.362-52.194-43.448-74.915-9.542-6.974-22.778-8.782-36.319-4.961-18.737,5.29-34.617,19.89-42.481,39.056-11.579,28.221,1.974,49.522,19.183,76.446h0a79.111,79.111,0,0,0,6.475,8.591c2.367,2.781,4.883,5.452,7.484,8.047a165.8,165.8,0,0,0,16.779,14.393,171.879,171.879,0,0,0,18.692,11.967,129.051,129.051,0,0,0,20.288,9.128,129.623,129.623,0,0,1-20.791-8.156,173.79,173.79,0,0,1-19.445-11.145,169.073,169.073,0,0,1-17.114-12.844c8,13.729,15.514,29.063,20.2,47.069,5.641,4.248,49.1,34.955,125.388,34.955,42.7,0,76.241-14.491,83.7-17.982-1.227-10.416-6.586-61.758,1.972-98.87C337.647,368.918,322.9,383.85,303.164,393.409Zm65.048-96.254q2.724-7.627,5.1-14.913C371.791,287.268,370.162,292.27,368.212,297.155ZM113.144,246.387c10.576-2.423,16.627-17.066,16.687-17.214l0.344-.848c-0.35-2.347-.674-4.7-0.944-7.048q-1.129-11.046-1.4-22.1-0.218-11.05.228-22.07c0.31-7.343.791-14.677,1.582-21.973-0.376,7.328-.441,14.664-0.335,21.989s0.458,14.64,1.016,21.927q0.888,10.928,2.615,21.716c0.471,2.733,1.013,5.447,1.594,8.148,0.083,0.385.163,0.771,0.248,1.155,0.891,2.46,3.823,10.448,8.086,21.056a42.132,42.132,0,0,1,22.291,7.766,82.051,82.051,0,0,1,13.482,12.615c-1.757-4.412-3.414-8.863-5.007-13.329-2.354-6.648-4.453-13.379-6.364-20.155-1.888-6.781-3.6-13.615-4.862-20.531,1.65,6.831,3.741,13.539,6,20.177,2.281,6.632,4.743,13.2,7.45,19.656,2.723,6.451,5.552,12.853,8.675,19.109,1.9,3.916,3.917,7.767,5.989,11.587a164.848,164.848,0,0,1,9.736,18.9,188.622,188.622,0,0,1,10.193,29.491c15.667,31.019,36.353,49.9,59.835,54.605a59.455,59.455,0,0,0,14.146,1.1,41.673,41.673,0,0,0,7-1.631c-9.5-4.211-28.374-14.617-41.624-35.139-24.453-37.876-37.249-78.877-45.665-110.366-0.644-2.411-1.51-5.383-2.51-8.814C195.5,215.136,184.592,177.622,188.1,145.7h-0.014a195.093,195.093,0,0,1,4.615-26.944,144.45,144.45,0,0,1,8.918-25.983,113.022,113.022,0,0,1,14.322-23.634A87.149,87.149,0,0,1,236.52,50.473,75.575,75.575,0,0,1,262.332,40.1,109.362,109.362,0,0,1,276.02,38.46a133.755,133.755,0,0,1,13.705-.26,99.137,99.137,0,0,1,27,4.433A62.091,62.091,0,0,1,329.27,48.1a42.891,42.891,0,0,1,10.623,8.434,46.689,46.689,0,0,0-11.258-7.212A73.241,73.241,0,0,0,316.057,45a91.058,91.058,0,0,0-12.965-2.148c-4.294,1.265-17.14,5.963-11.5,15.644,5.685,9.762,22.061,6.608,28.328,10.778a31.344,31.344,0,0,1,23.222,4.061c10.01,6.106,16.048,20.691,17.887,31.2a0.187,0.187,0,0,0,0-.021s5.794,28.745,7.813,50.694a15.33,15.33,0,0,1,6.2,1.611c0.521,0.258,1.041.549,1.54,0.857a11.177,11.177,0,0,1,1.971,1.527,13.55,13.55,0,0,1,2.518,3.375,21.759,21.759,0,0,1,2.137,6.462,34.558,34.558,0,0,1,.506,6A42.275,42.275,0,0,1,382.1,186.56a26,26,0,0,1-6.13,11.223,15.244,15.244,0,0,1-3.185,2.457,13.932,13.932,0,0,1-3.89,1.511,17.19,17.19,0,0,1-2.419.391c0.585,15.782,1.553,68.046-9.882,92.706,1.579,3.218,2.118,10.368-.207,27.632a118,118,0,0,1-3.554,17.062c2.439-5.682,4.67-12.223,6.869-18.671,1.523-4.467,3.1-9.087,4.752-13.464q1.633-4.327,3.151-8.546c5.538-11.653,9.252-24.1,12.643-36.531,3.512-13.089,6.342-26.356,8.677-39.712,0.747-4.277,1.41-8.569,2.034-12.868,1.439-9.443,2.369-18,2.932-25.654,0.051-.621.12-1.24,0.168-1.861,0.518-6.781.813-13.59,0.724-20.428a134.687,134.687,0,0,0-.8-13.479c-0.1-1.209-.211-2.348-0.322-3.369A224.958,224.958,0,0,0,379.127,85.35a144.251,144.251,0,0,0-9.684-22.1,77.375,77.375,0,0,0-12.122-16.815,52.657,52.657,0,0,0-8.007-6.747q-2.175-1.449-4.454-2.706a32.2,32.2,0,0,0-3.76-2.017c-0.879-.394-1.821-0.777-2.791-1.153a90.371,90.371,0,0,0-17.616-5.3,114.1,114.1,0,0,0-12.809-1.807c-25.379-3.444-56.324-3.131-77.122,3.2a112.319,112.319,0,0,0-22.876,10.249l0.025,0.046A105.417,105.417,0,0,0,191.8,51.668a93.273,93.273,0,0,0-13.542,14.3A105.747,105.747,0,0,0,167.85,82.737c-1.5,2.947-2.773,6-4.062,9.054-1.138,3.114-2.319,6.218-3.225,9.422a138.625,138.625,0,0,0-4.388,19.511,159.232,159.232,0,0,0-1.85,20,168.732,168.732,0,0,0,3.629,40.227,135.015,135.015,0,0,1-7.1-40.231c-0.047-1.547-.057-3.095-0.049-4.643a34.509,34.509,0,0,0-3.034,4.834,55.6,55.6,0,0,0-4.234,10.972,100,100,0,0,0-2.585,11.7c-0.666,3.961-1.083,7.968-1.486,11.985-0.013-4.03-.011-8.077.246-12.123a101.888,101.888,0,0,1,1.4-12.126,58.574,58.574,0,0,1,3.26-11.963,31.075,31.075,0,0,1,6.682-10.664c0.164-2.859.391-5.716,0.711-8.566a143.585,143.585,0,0,1,3.922-20.3,109.025,109.025,0,0,1,7.085-19.551,97.469,97.469,0,0,1,10.855-17.856c0.97-1.26,1.979-2.49,3.008-3.7a129.555,129.555,0,0,0-39.649,31.12c-20.317,23.609-30.567,53.231-29.641,85.664,0.828,28.98.726,39.769-6.908,54.824-2.82,5.56-.688,9.656.833,11.6A12.208,12.208,0,0,0,113.144,246.387Z" transform="translate(-79.094 -24.531)"/>
</svg>
